              precision    recall  f1-score   support

    CARDINAL     0.8438    0.8619    0.8528       934
        DATE     0.8268    0.8795    0.8523      1601
       EVENT     0.5758    0.6032    0.5891        63
         FAC     0.6835    0.7037    0.6934       135
         GPE     0.9539    0.9415    0.9477      2240
    LANGUAGE     0.9167    0.5000    0.6471        22
         LAW     0.6000    0.5250    0.5600        40
         LOC     0.7015    0.7877    0.7421       179
       MONEY     0.8642    0.8946    0.8791       313
        NORP     0.8704    0.9263    0.8975       841
     ORDINAL     0.8174    0.9179    0.8647       195
         ORG     0.8564    0.8756    0.8659      1792
     PERCENT     0.9034    0.9164    0.9099       347
      PERSON     0.9242    0.9316    0.9279      1988
     PRODUCT     0.5814    0.6579    0.6173        76
    QUANTITY     0.7500    0.8000    0.7742       105
        TIME     0.5946    0.6226    0.6083       212
 WORK_OF_ART     0.5161    0.5783    0.5455       166

   micro avg     0.8627    0.8860    0.8742     11249
   macro avg     0.7655    0.7735    0.7653     11249
weighted avg     0.8649    0.8860    0.8749     11249
